1      
61      
121
181
36
96
156    
11
71      
46        
106        
166        
21      
81      
141    
231      
56        
116        
176        
206        
236        
32      
92      
7       
67       
127       
187       
42    
102       
222    
17       
77    
137    
52    
112    
27      
87    
147    
237
33    
93    
153    
183    
213    
68    
128    
43    
103    
163    
18    
78    
138    
198    
228    
53    
113    
173    
28    
88    
148    
208    
238    
3    
64    
124    
39        
99        
159    
189        
219        
14    
74        
134        
49        
109        
169        
199        
229        
24        
84        
144        
234        
59        
119        
35        
95        
154    
70    
130    
190    
220    
45    
105    
20      
80    
140    
55    
115    
175    
205      
30    
90    
150    
